
[{'Individuals': [[0.4, 0.4], [0.6, 0.3], [0.6, 0.4], [0.8, 0.4], [0.9, 0.3], [0.5, 0.8], [0.9, 0.4], [0.4, 0.9], [0.9, 0.5], [0.3, 0.1]], 'Fitness': [136019.03036368836, 138286.0913120684, 140121.51721590792, 144668.1084204911, 145290.34067703364, 146655.46229957958, 147074.36195472738, 147074.36195472738, 149061.71583381586, 7556981846.917069]}]

[{'Individuals': [[0.4, 0.4], [0.6, 0.3], [0.6, 0.4], [0.8, 0.4], [0.9, 0.3], [0.5, 0.8], [0.9, 0.4], [0.4, 0.9], [0.9, 0.5], [0.3, 0.1]], 'Fitness': [136019.03036368836, 138286.0913120684, 140121.51721590792, 144668.1084204911, 145290.34067703364, 146655.46229957958, 147074.36195472738, 147074.36195472738, 149061.71583381586, 7556981846.917069]}]

[{'Individuals': [[0.4, 0.4], [0.6, 0.3], [0.6, 0.4], [0.8, 0.4], [0.9, 0.3], [0.5, 0.8], [0.9, 0.4], [0.4, 0.9], [0.9, 0.5], [0.3, 0.1]], 'Fitness': [136019.03036368836, 138286.0913120684, 140121.51721590792, 144668.1084204911, 145290.34067703364, 146655.46229957958, 147074.36195472738, 147074.36195472738, 149061.71583381586, 7556981846.917069]}]

[{'Individuals': [[0.3, 0.5], [0.3, 0.7], [0.7, 0.3], [0.4, 0.7], [0.3, 0.9], [0.6, 0.7], [0.7, 0.9], [0.7, 0.9], [0.2, 0.8], [0.2, 0.6]], 'Fitness': [136170.95833893731, 140511.2867237562, 140511.2867237562, 142346.71262759573, 145238.93605088786, 146449.19947981526, 153402.04421863472, 153402.04421863472, 1692528.8461367956, 3118544.948675624]}]

[{'Individuals': [[0.3, 0.5], [0.3, 0.7], [0.7, 0.3], [0.4, 0.7], [0.3, 0.9], [0.6, 0.7], [0.7, 0.9], [0.7, 0.9], [0.2, 0.8], [0.2, 0.6]], 'Fitness': [136170.95833893731, 140511.2867237562, 140511.2867237562, 142346.71262759573, 145238.93605088786, 146449.19947981526, 153402.04421863472, 153402.04421863472, 1692528.8461367956, 3118544.948675624]}]

[{'Individuals': [[0.5, 0.4], [0.4, 0.7], [0.9, 0.6], [0.8, 0.9], [0.2, 0.9], [0.3, 0.2], [0.9, 0.2], [0.3, 0.1], [0.7, 0.1], [0.9, 0.1]], 'Fitness': [138006.38424277684, 142346.71262759573, 151176.84880694692, 155723.4400115301, 5493402.966512432, 31606878.333950832, 265803042.91593415, 7556981846.917069, 8246061072.927433, 8712331213.857967]}]

[{'Individuals': [[0.4, 0.4], [0.3, 0.7], [0.7, 0.5], [0.5, 0.8], [0.8, 0.8], [1.0, 0.9], [0.2, 0.3], [0.2, 0.2], [0.1, 0.7], [0.1, 0.4]], 'Fitness': [136019.03036368836, 140511.2867237562, 144334.0665066842, 146655.46229957958, 153317.1864772938, 160611.21678016742, 4925451.877210377, 37418596.177165136, 2276444471.103479, 3997624227.609309]}]

[{'Individuals': [[0.4, 0.4], [0.3, 0.7], [0.7, 0.5], [0.5, 0.8], [0.8, 0.8], [1.0, 0.9], [0.2, 0.3], [0.2, 0.2], [0.1, 0.7]], 'Fitness': [136019.03036368836, 140511.2867237562, 144334.0665066842, 146655.46229957958, 153317.1864772938, 160611.21678016742, 4925451.877210377, 37418596.177165136, 2276444471.103479], 'Normalized Fitness': [0.8656603018370023, 0.1139478386233941, 0.003715659287110683, 0.0035469155842817925, 0.0033927999639327276, 0.0033390956460784063, 0.0032506575687898383, 0.0031467314894101247], 'Cumulative Sum': array([0.8656603 , 0.97960814, 0.9833238 , 0.98687072, 0.99026352,
       0.99360261, 0.99685327, 1.        ])}, {'Individuals': [[0.7, 0.3], [0.7, 0.4], [0.6, 0.6], [0.5, 0.7], [0.6, 0.8], [0.6, 0.9], [0.9, 0.6], [0.9, 0.2], [0.1, 0.7]], 'Fitness': [140511.2867237562, 142346.71262759573, 144224.00406812745, 144334.0665066842, 148770.59527271063, 151176.84880694692, 151176.84880694692, 265803042.91593415, 2276444471.103479]}]

{'Individuals': [[0.4, 0.5], [0.5, 0.8], [0.6, 0.8], [0.5, 0.9], [1.0, 0.4], [0.5, 1.0], [0.1, 0.7], [0.8, 0.1], [1.0, 0.1]], 'Fitness': [138006.38424277684, 146655.46229957958, 148770.59527271063, 149061.71583381586, 149555.8851891284, 151543.23906821688, 2276444471.103479, 8641435681.108915, 9308669198.656704]}

{'Individuals': [[0.4, 0.3], [0.4, 0.8], [1.0, 0.4], [0.9, 0.6], [1.0, 0.7], [0.8, 1.0], [1.0, 0.1], [1.0, 0.1], [1.0, 0.1]], 'Fitness': [134186.39404910782, 144668.1084204911, 149555.8851891284, 151176.84880694692, 155883.5674530358, 158204.96324593114, 9308669198.656704, 9308669198.656704, 9308669198.656704]}

{'Individuals': [[0.5, 0.4], [0.7, 0.4], [0.3, 0.9], [0.5, 0.9], [0.7, 1.0], [0.2, 0.5], [0.2, 0.2], [0.4, 0.1], [1.0, 0.1]], 'Fitness': [138006.38424277684, 142346.71262759573, 145238.93605088786, 149061.71583381586, 155883.5674530358, 2308960.7239598115, 37418596.177165136, 7587131249.639189, 9308669198.656704]}

{'Individuals': [[0.4, 0.3], [0.4, 0.7], [0.8, 0.4], [0.6, 0.7], [0.2, 0.3], [0.8, 0.2], [1.0, 0.2], [0.2, 0.1], [1.0, 0.1]], 'Fitness': [134186.39404910782, 142346.71262759573, 144668.1084204911, 146449.19947981526, 4925451.877210377, 125240510.44971968, 420031427.75702333, 7467221683.116949, 9308669198.656704]}

{'Individuals': [[0.4, 0.5], [0.3, 0.8], [0.3, 0.8], [0.5, 1.0], [0.9, 0.7], [0.8, 0.9], [0.2, 0.9], [0.7, 0.2], [1.0, 0.1]], 'Fitness': [138006.38424277684, 142832.68251665158, 142832.68251665158, 151543.23906821688, 153402.04421863472, 155723.4400115301, 5493402.966512432, 100913420.47853109, 9308669198.656704]}

{'Individuals': [[0.3, 0.5], [0.4, 0.5], [0.3, 0.6], [0.7, 0.3], [0.3, 0.9], [0.6, 0.7], [0.8, 0.7], [0.5, 1.0], [1.0, 0.1]], 'Fitness': [136170.95833893731, 138006.38424277684, 138286.0913120684, 140511.2867237562, 145238.93605088786, 146449.19947981526, 150995.79068439844, 151543.23906821688, 9308669198.656704]}

{'Individuals': [[0.6, 0.7], [0.9, 0.6], [0.7, 0.9], [0.2, 0.4], [0.2, 0.4], [0.9, 0.2], [0.1, 0.1], [0.3, 0.1], [1.0, 0.1]], 'Fitness': [146449.19947981526, 151176.84880694692, 153402.04421863472, 1447126.5556358993, 1447126.5556358993, 265803042.91593415, 4142891446.995107, 7556981846.917069, 9308669198.656704]}
